
bonjour,mr,keiver

bonjour,mr,keiver

bonjour,mr,keiver

bonjour,mr,keiver
bonjour,mr,keiver
bonjour,mr,keiver
bonjour,mr,keiver
bonjour,mr,keiver
bonjour,mr,keiver
bonjour,mr,keiver
bonjour,mr,keiver
bonjour,mr,keiver
bonjour,mr,keiver
bonjour,mr,keiver
bonjour,mr,keiver
bonjour,mr,keiver
bonjour,tonton,mr,keiver
bonjour,tonton,mr,keiver
bonjour,tonton,mr,keiver
bonjour,tonton,mr,keiver
bonjour,tonton,mr,keiver
bonjour,tonton,mr,keiver
bonjour,tonton,mr,keiver
bonjour,tonton,mr,keiver
bonjour,tonton,mr,keiver
bonjour,tonton,mr,keiver
bonjour,tonton,mr,keiver
bonjour,tonton,mr,keiver
